1)
x y z z' y+z' x' x'.(y'+z)'
0 0 0 1	1	1		1
0 0 1 0	0	1		0
0 1 0 1	1	1		1
0 1 1 0	1	1		1
1 0 0 1	1	0		0
1 0 1 0	0	0		0
1 1 0 1	1	0		0
1 1 1 0	1	0		0

x y z y' x+y' (x'+y)'.z
0 0 0 1	1		0
0 0 1 1	1		1
0 1 0 0	0		0
0 1 1 0	0		0
1 0 0 1	1		0
1 0 1 1	1		1
1 1 0 0	1		0
1 1 1 0	1		1

x y z z' (x'.y')' (x'.y')'.z'
0 0 0 1	0		0
0 0 1 0	0		0
0 1 0 1	0		0
0 1 1 0	0		0
1 0 0 1	0		0
1 0 1 0	0		0
1 1 0 1	1		1
1 1 1 0	1		0

x y z x' y' z' (x.y)' (x.y)'+z'
0 0 0 1	1	1	1		1
0 0 1 1	1	0	1		1
0 1 0 1	0	1	0		1
0 1 1 1	0	0	0		0
1 0 0 0	1	1	0		1
1 0 1 0	1	0	0		0
1 1 0 0	0	1	0		1
1 1 1 0 0	0	0		0

x y z x' z' (x'+y) (x+z') (x'+y).(x+z')
0 0 0 1	1	1		1		1
0 0 1 1 0	1		0		0
0 1 0 1 1	1		1		1
0 1 1 1 0	1		0		0
1 0 0 0 1	0		1		1
1 0 1 0 0	0		1		1
1 1 0 0 1	1		1		1
1 1 1 0 0	1		1		1

2)
a) x.(x+y)' = x.x'+y' = 0+y' = y'
b) (x+y')+(x.y) = x+(y'+y) = x+1 = 1
c) (x.y)'.(x'+y') = (x'.y').(x'+y') = x'.(y'+y') = x'.y'
d) (x'.y)'+(x+y')' = (x.y')+(x'+y) = x'+y'
e) (y+x)'.(y'+x') = (y'+x').(y'+x') = y'+x'